2.0730514526367188;0
0.016867756854348905;1
0.03306242669578027;2
0.019040373574799527;3
0.012509291830395917;4
0.00040352036693219577;5
0.008150310942103748;6
0.022617033219690573;7
0.005542364554699678;8
0.010004774623952913;9
0.017967956809469852;10
0.04191053357263382;11
0.00959964169586177;12
0.01240382526180676;13
0.022842593715406694;14
0.010451332729032163;15
0.010369401477871491;16
0.003913393213979839;17
0.012418512085462657;18
0.024855427002206696;19
0.018859853514102444;20
0.021588624818841867;21
0.01719779149012167;22
0.022519867861661196;23
0.014102923159416208;24
0.0008481165466328775;25
0.01359784817607888;26
0.019397554106326445;27
0.007057388958188355;28
0.02471407579696163;29
0.01667120282897356;30
0.018012184222802922;31
0.026557817591333892;32
0.016536439298454997;33
0.022453910462831128;34
0.0376326284722529;35
0.0931386194663191;36
0.5788977425358679;37
0.10702170797037709;38
0.05478411439314807;39
0.023205437012644454;40
0.016689560558747592;41
0.017516667414890674;42
0.014229464634576262;43
0.012658275376585924;44
0.03582926045252587;45
0.013244080970471014;46
0.017925735090967277;47
0.009236461574886837;48
0.022578868284429413;49
0.004642923843626533;50
0.0036926623745930655;51
0.02239417846436016;52
0.024074089981204767;53
0.013108434850064635;54
0.005038501006807127;55
0.010852381757737183;56
0.01638560207665867;57
0.012745776129008233;58
0.006769125372072689;59
0.007864895247533435;60
0.018577380202095546;61
0.012756307117411287;62
0.01748126026909847;63
0.03576364126824577;64
0.018876866953963747;65
0.010326009390411853;66
0.01501686576646355;67
0.017080962829982973;68
0.032330158272954726;69
0.010466376913221241;70
0.023358651605463233;71
0.04019470557444754;72
0.02036370680423801;73
0.07352748937271261;74
0.032826947581792415;75
0.02906120694455765;76
0.008353058658432845;77
0.012246456306824437;78
0.009548504317929049;79
0.015214896881702841;80
0.005742033975940597;81
0.01371586085236563;82
0.015067394752641078;83
0.01214375579318846;84
0.02858859809436507;85
0.011402368523375412;86
0.018671663537890057;87
0.016080763325153596;88
0.02176352897103931;89
0.02276341366719737;90
0.015075218060148715;91
0.0018369922401865629;92
0.014801473906428142;93
0.018453963302279906;94
0.02380119761840563;95
0.005806220271339375;96
0.015161399528784349;97
0.014152071705158418;98
0.009255122160755781;99
0.008478188888155352;100
0.016246271272929193;101
0.0019137955229391536;102
0.01580288605135363;103
0.005029879278560495;104
0.012910865566059688;105
0.004928524469075646;106
0.026834428651744045;107
0.009667390552478837;108
0.010311475354225304;109
0.04020684638188412;110
0.11678617682467714;111
0.09863810402704153;112
0.03511561004594271;113
0.03763835821102679;114
0.029103037630232913;115
0.028193421742259975;116
0.010928360031485548;117
0.01193109201472428;118
0.0045645325600411285;119
0.0029248816473059335;120
0.003923036497664599;121
0.01887541865010411;122
0.01056436065782478;123
0.010025773156669122;124
0.026702336826991524;125
0.016498038936396463;126
0.021729837155468532;127
0.018726036019714495;128
0.006241942273275605;129
0.0050983355389059;130
0.01183721388227566;131
0.0132859496996424;132
0.016049312748412498;133
0.010912909841964701;134
0.022110957972718715;135
0.0034713342278873192;136
0.0292224575844419;137
0.020382531676068134;138
0.013944817341940502;139
0.012375973649404346;140
0.005007393549205589;141
0.0030738358844349463;142
0.003952882504350923;143
0.01281443825577351;144
0.006510722629262996;145
0.011561561051138654;146
0.02646235027890118;147
0.02671681435378491;148
0.038984438934040716;149
0.025464537271986797;150
0.019144601674195506;151
0.024659928631009367;152
0.02567385849020185;153
0.006692645034565847;154
0.01753120009184468;155
0.006092545234261642;156
0.014696070205337246;157
0.009118806063901383;158
0.020578778836870783;159
0.028986855986866133;160
0.0142782569854505;161
0.015431875554164972;162
0.012314708082132706;163
0.01104981534137372;164
0.013150913446668485;165
0.010807142210404618;166
0.020526896471411506;167
0.0033014332409553792;168
0.020165602685324784;169
0.007031609629440007;170
0.012481038841616525;171
0.026841264370099968;172
0.0078053266321523405;173
0.012593461360592912;174
0.015729301891729195;175
0.009067797952639246;176
0.007975358367873138;177
0.009300897832435965;178
0.0062056710025767325;179
0.024833581833452138;180
0.019601978184528194;181
0.016861191756202737;182
0.010243032166925334;183
0.02220827660678012;184
0.01794267576695171;185
0.08638073720379931;186
0.017924313357601487;187
0.01207021683647923;188
0.01567327537624301;189
0.007691177034716227;190
0.01330725383362514;191
0.007663222516004466;192
0.006166979660083205;193
0.017222020597137434;194
0.009486135842471679;195
0.0074205114208869;196
0.017566663841386245;197
0.009864785245712736;198
0.008420988080051867;199
0.0029642336238821045;200
0.027073967986221168;201
0.009776614079873232;202
0.010131842948847735;203
0.00877605089066091;204
0.018871669969630366;205
0.002107285033674153;206
0.016690809238153727;207
0.01416250931126157;208
0.010660656235340944;209
0.007315983827354591;210
0.010598705574645484;211
0.026144845360350565;212
0.00610534560197818;213
0.00958492532148974;214
0.002141148105461741;215
0.021134710712731056;216
0.020545422112853543;217
0.011487732497784803;218
0.0009576599200958777;219
0.011346417780804382;220
0.02881898416596546;221
0.005663409812905508;222
0.05533909001412518;223
0.014020880912493634;224
0.015991666475629746;225
0.017057922007990053;226
0.012991308109771144;227
0.016072175076168056;228
0.021321365628106277;229
0.017172375529241526;230
0.01361485544050041;231
0.014049479523062416;232
0.008817189369271543;233
0.019820834182408688;234
0.01110044975853581;235
0.009836976686137469;236
0.024559620733983555;237
0.009485502541793497;238
0.013306501626410628;239
0.011594418104485487;240
0.007354266174966552;241
0.01749709602904302;242
0.012248329284794645;243
0.036793934966982876;244
0.017617094180954414;245
0.004721056765827311;246
0.010052327282603265;247
0.005623152711182761;248
0.011039971112644625;249
0.02073167670157692;250
0.021015786761410124;251
0.024450995759520144;252
0.01937775516336303;253
0.007966159960672408;254
0.006100355737396243;255
0.005310203988658119;256
0.01470184648963782;257
0.027613815163719017;258
0.02006202853674536;259
0.056005462562674746;260
0.014299213663950528;261
0.02358501169098855;262
0.007698346989132676;263
0.017562923379022054;264
0.014895581691128857;265
0.016554176389810216;266
0.009497654399853816;267
0.015959405583088095;268
0.01227953140035632;269
0.005391797253035707;270
0.014044170834141239;271
0.01737463074997412;272
0.02419362614127324;273
0.004773809849774507;274
0.008205091355137483;275
0.019600984065161395;276
0.023069686502735595;277
0.017017215613434673;278
0.028676798633881367;279
0.0037973979494636033;280
0.009735870438139645;281
0.010164360905799422;282
0.005090802928398163;283
0.004029709211881703;284
0.009592815152664257;285
0.003320048208214364;286
0.019512688086193615;287
0.006916301908046351;288
0.009305099887581237;289
0.029346587803291364;290
0.002618531866959753;291
0.017598725843918344;292
0.012634378847929265;293
0.00521032836479922;294
0.017520468494702297;295
0.02117838670716601;296
0.0473792415721337;297
0.018958763905844982;298
0.02166215168832125;299
0.0161647989149404;300
0.010777709081708798;301
0.008515479018241536;302
0.018021908863413774;303
0.01671967344912539;304
0.01369754183511935;305
0.009991304575038124;306
0.01828783410080534;307
0.01300284553239883;308
0.014899803221161162;309
0.011013832310629407;310
0.004897370241606119;311
0.006174123848921674;312
0.02028509938264554;313
0.008050627551657148;314
0.004179021879163666;315
0.010525798889081993;316
0.0028913623241459113;317
0.016188153182803734;318
0.014021445189863252;319
0.003335498810985314;320
0.013232826646430567;321
0.00790487575990141;322
0.02473809103884712;323
0.007894190788899864;324
0.007140794058321693;325
0.017363496292622786;326
0.005980627017949817;327
0.014676500373944436;328
0.006909959344982765;329
0.017058600954899382;330
0.014274539341986251;331
0.008845383684349263;332
0.025396840138198224;333
0.004898876605899614;334
0.004380485539994758;335
0.008694238061687941;336
0.01112105219411446;337
0.020594875850760957;338
0.007533079367720004;339
0.017677725853669918;340
0.022221134479963583;341
0.017362369018593192;342
0.018192517920755998;343
0.011728627695967924;344
0.022144349007042093;345
0.011608143718057448;346
0.016802018855268146;347
0.016674342592038486;348
0.02492005757595848;349
0.018678664907482635;350
0.013082698845813758;351
0.0071962050716928684;352
0.01245514143274535;353
0.024912053699564306;354
0.006616917717939446;355
0.009168518807551002;356
0.028898171033059562;357
0.005645506060039878;358
0.011773967530425781;359
0.008969038134001163;360
0.006665823763171494;361
0.0029208845050979555;362
0.0203646532218352;363
0.0033495113463366376;364
0.012648583402732966;365
0.009169782250959388;366
0.013031714507898386;367
0.006193576923341502;368
0.0061989373900279985;369
0.01797944778341943;370
0.010890910989057201;371
0.016777342222743217;372
0.011055675917995476;373
0.010397762330097628;374
0.007246633683868205;375
0.012851125030498936;376
0.008138116447421498;377
0.01029245961187618;378
0.010076825176758331;379
0.013622525853766304;380
0.005524106061073726;381
0.024746445770856048;382
0.01103096240793935;383
0.03045058656361317;384
0.0041257971467658396;385
0.022300414526406093;386
0.010154295144187381;387
0.019699080796443155;388
0.012263152649220111;389
0.01469131273299894;390
0.027568607040478057;391
0.013455855146871311;392
0.01693528341341289;393
0.025012912465371757;394
0.023357543417615433;395
0.0230993480381386;396
0.02069307108418675;397
0.01407171970165533;398
0.015257117099631555;399
0.012126579033068866;400
0.012326435448158878;401
0.014648932169968007;402
0.003923460261531209;403
0.03201692418552313;404
0.01889746652689257;405
0.01484788693796412;406
0.012597252063089833;407
0.005707570801116871;408
0.013172503891102782;409
0.005439949894109514;410
0.016179351023284577;411
0.0031930047493587905;412
0.00472053559673811;413
0.01749392914551319;414
0.0018979394920324456;415
0.011068128040165312;416
0.018038758610082792;417
0.012421502584499792;418
0.019509995715051166;419
0.01777202510311466;420
0.018132570381824538;421
0.004292294275664447;422
0.002612832487222582;423
0.020662657672396924;424
0.015817375755112904;425
0.003977892138572087;426
0.04089811992642353;427
0.011112727235050288;428
0.0055068227467018685;429
0.01813170777666625;430
0.01153923100374436;431
0.016325573013684862;432
0.015647954172990444;433
0.015340671360664969;434
0.004554496439040936;435
0.006256968434447561;436
0.010720543998903211;437
0.013726458166662212;438
0.0025927088708532207;439
0.007298798976805841;440
0.015005992657697283;441
0.011491220936585216;442
0.01153063962701573;443
0.018531839101347248;444
0.010172255433587383;445
0.02641574706487828;446
0.01842566340120723;447
0.009941993403879468;448
0.020553286571216668;449
0.010832113128992182;450
0.015814433712360042;451
0.006813413258541669;452
0.011762514225585075;453
0.005649087119796864;454
0.010730198930790916;455
0.008442907391288354;456
0.01490079574027242;457
0.010049067678190741;458
0.014999125902914703;459
0.022867019289357093;460
0.018856941740776286;461
0.009719231112290354;462
0.030266361848890984;463
0.008594964047637224;464
0.018792331423160676;465
0.0134851881067998;466
0.013070457495191283;467
0.021004394181960102;468
0.003399754265824051;469
0.012495716262763678;470
0.01587236774423774;471
0.009165352344405403;472
0.0055102617133285315;473
0.01836903560652093;474
0.021751567780283462;475
0.0035761122202849433;476
0.006521690123733097;477
0.0028300725955108436;478
0.012976998599421478;479
0.01343220583554365;480
0.021529098380387038;481
0.008345337977941129;482
0.008803776938453238;483
0.01433841079929873;484
0.021177752154922555;485
0.011801956202285187;486
0.02195471290947513;487
0.014593358542038009;488
0.013317393283346577;489
0.017838492964999973;490
0.005511684951098809;491
0.004375027895938692;492
0.008798843778654685;493
0.03691761724618552;494
0.014152278436709655;495
0.02541685845972968;496
0.014242388650628691;497
0.013279414897851088;498
0.008845375369826745;499
0.002843862772098843;500
0.01919772698332389;501
0.007671225850097322;502
0.006909248422621876;503
0.01290947554540273;504
0.022586725920726972;505
0.019801074057717603;506
0.023151352186437036;507
0.01301241547190911;508
0.02175442067261269;509
0.01062401260379591;510
0.018518256567032182;511
0.012262724500021192;512
0.005990250856674839;513
0.003047324127152822;514
0.00814144812078959;515
0.010662143753163423;516
0.0051380487677377806;517
0.01020526525974394;518
0.013157949057977517;519
0.007047405864445261;520
0.004216624227279105;521
0.003142664755517745;522
0.00869177665617329;523
0.01882803516272523;524
0.0037514166602323692;525
0.00985260467400297;526
0.0076173274355450455;527
0.004081467537129395;528
0.02629470742709522;529
0.0217739877518525;530
0.020233086320410116;531
0.0033211093204069527;532
0.005200203193471551;533
0.01649792592090212;534
0.011483778101932048;535
0.008051554643405292;536
0.02693939684203201;537
0.01595427236678202;538
0.010467632083311388;539
0.015290133372634336;540
0.009213148801990234;541
0.012101127499291323;542
0.008971571476757714;543
0.0067457236855995055;544
0.013294176144645726;545
0.014985626930187134;546
0.010856838381686358;547
0.013503590960062536;548
0.023764042158032052;549
0.01769708670431523;550
0.018472051073834986;551
0.015848733740176736;552
0.01283426151702941;553
0.0196539114512855;554
0.02169216441679165;555
0.007173770371364387;556
0.017349046366132936;557
0.01378172200810238;558
0.013314720569532413;559
0.01253909206038952;560
0.011357711479234409;561
0.010028789496977424;562
0.01308569474214386;563
0.018886901408376452;564
0.01068739360736269;565
0.002668669023188492;566
0.012419673300765098;567
0.0046096158749360525;568
0.022331381495704464;569
0.005293249867130427;570
0.010770466969096497;571
0.020110989800723657;572
0.02299221414593388;573
0.021992027770644323;574
0.006196348574181985;575
0.017724893834907537;576
0.009343485023374305;577
0.009364353836843626;578
0.020948803614494305;579
0.022045305012887442;580
0.009705825523522303;581
0.013022474319750533;582
0.0059649168453726475;583
0.0071322976885903775;584
0.021543430469885022;585
0.009680610337366606;586
0.014066040366546927;587
0.004460518595192748;588
0.009062674723028704;589
0.007824223328486535;590
0.015160654489033766;591
0.018208283091224024;592
0.003271841110402658;593
0.020104238109472594;594
0.010008173500767015;595
0.006788831424668389;596
0.011556039778956357;597
0.00681851139618673;598
0.01673169597306017;599
0.008142500087911647;600
0.009157473371169211;601
0.012704173264433296;602
0.0051960975241058865;603
0.0010133625944969533;604
0.017987810511058;605
0.0049687042561732;606
0.0112828032968891;607
0.003566572394903523;608
0.01934863908829281;609
0.007868766207272117;610
0.006498485419169869;611
0.013627969510724834;612
0.0027075525286554616;613
0.013821118119834924;614
0.015061972258511202;615
0.005912511100069482;616
0.006886586338362003;617
0.012834778603853458;618
0.004796196499853671;619
0.013931640700942556;620
0.009580481523658656;621
0.01847991849433884;622
0.003665297700444847;623
0.022447748469888628;624
0.026999052042941767;625
0.009479492414373538;626
0.02093004211685685;627
0.008771301626714667;628
0.018201954261053217;629
0.010682568209274145;630
0.01578013202943402;631
0.0238562498991493;632
0.015056534367818689;633
0.006345738979284723;634
0.00834926426578984;635
0.010898522211860225;636
0.01691421282945222;637
0.02740247304765742;638
0.00681135942424466;639
0.018543987426960198;640
0.009676647327407195;641
0.016289158341492836;642
0.005832179259664444;643
0.014276969180002869;644
0.011252306591510955;645
0.005138383123451393;646
0.005638539826750443;647
0.021857436165995822;648
0.016472405478456433;649
0.004713441071970227;650
0.008601335822800114;651
0.02386395858668259;652
0.017572630546960413;653
0.018929219308800323;654
0.00907537633913022;655
0.005092930871794643;656
0.017040789451360335;657
0.020696141011862672;658
0.009257978767421297;659
0.013707840451437213;660
0.004412035049054012;661
0.01798136470370625;662
0.011759845357710018;663
0.010805676221625154;664
0.013236831271807945;665
0.010560440205892533;666
0.004427060846999672;667
0.008710808963677135;668
0.006347741394852504;669
0.004879112817483675;670
0.015235679279471783;671
0.013563909739152648;672
0.017262890065284947;673
0.01242293002762571;674
0.0221691679090497;675
0.0053383481866072354;676
0.02792979105286957;677
0.017781048732817127;678
0.01816697832658279;679
0.02652169236415374;680
0.00770269639576769;681
0.007875821073510814;682
0.024084875753651754;683
0.012595272191100751;684
0.015306665600982258;685
0.01214616995163131;686
0.007738678568775856;687
0.019864831680224376;688
0.009086472511123093;689
0.006411226357100008;690
0.006447854962491478;691
0.015650176924357558;692
0.0012159218318229061;693
0.005744395842889906;694
0.012926849231724716;695
0.009948728262811134;696
0.011813441841590793;697
0.03469744195947078;698
0.01387662257707828;699
0.009309964323134785;700
0.010520821497192459;701
0.025394343627113087;702
0.008574057455109313;703
0.013945345561500639;704
0.03028227760376992;705
0.010729575275004115;706
0.008428349920944222;707
0.011009596635400012;708
0.003650797441326694;709
0.013100610160018364;710
0.015202110176910496;711
0.011571929658921452;712
0.02732691287654614;713
0.020630152549464167;714
0.027715889640399508;715
0.007681650631481671;716
0.019824548178744086;717
0.027121764518064827;718
0.015450848399390487;719
0.007360594723343917;720
0.010707673105672584;721
0.00924552082462052;722
0.011583047416766896;723
0.014523843587620522;724
0.02679266644653106;725
0.019314536493006795;726
0.014705756695098146;727
0.014860016112102385;728
0.010057619893251622;729
0.011608252354254415;730
0.007671254021928992;731
0.01955193241153835;732
0.0036901834368247032;733
0.004883435210713014;734
0.021430851597567954;735
0.012442634395098337;736
0.028107740217496558;737
0.017074352598804063;738
0.011266170407286728;739
0.006277078442620786;740
0.005796739002629471;741
0.008565024101297041;742
0.011356596086780852;743
0.011478818312838989;744
0.008875865179605761;745
0.001851292948335273;746
0.01404831175188633;747
0.0020611065438719115;748
0.010479600846884374;749
0.006174809104283134;750
0.007544860797404794;751
0.011603605464182017;752
0.003906664400169933;753
0.019901388857367905;754
0.013731343208963208;755
0.013241786018402884;756
0.010089634409913215;757
0.008955094305155691;758
0.018715074395942038;759
0.010276894518617616;760
0.014640990977025602;761
0.015932110515005028;762
0.0031913083010629054;763
0.012844087958246458;764
0.008779087175404463;765
0.009596920302720366;766
0.013048241907596783;767
0.012458367900608992;768
0.003796874797408241;769
0.014157291782902297;770
0.016636499237671798;771
0.02014315480570744;772
0.013022006382676884;773
0.017194935205203956;774
0.016973250006805562;775
0.005051803526375713;776
0.0183274585135549;777
0.007605285372864505;778
0.005905638345205991;779
0.007025659219072502;780
0.006887145581057841;781
0.0068382878661719425;782
0.01337223083303376;783
0.005423901945132892;784
0.012043558018000625;785
0.016369648231427326;786
0.013224926991651073;787
0.010732336805325085;788
0.012662868149173395;789
0.012394626140454373;790
0.012965458205567505;791
0.012466235125386764;792
0.0035123772465111137;793
0.008039220774070165;794
0.014552576577346753;795
0.011912589798862897;796
0.022721852685900427;797
0.026214749077881766;798
0.006667665202475122;799
0.02179021040391361;800
0.012567096592582877;801
0.017029864473402174;802
0.013883272719536138;803
0.029673092566655155;804
0.025206460880351365;805
0.005212448926541842;806
0.010165764918225953;807
0.005611167608706246;808
0.009340662292206097;809
0.008197500476461578;810
0.013004457278006198;811
0.007311080127584038;812
0.023494825298014995;813
0.006506421321647807;814
0.01737107378569771;815
0.013242005814862323;816
0.009559512481420672;817
0.012821716029602588;818
0.008124216884845221;819
0.008017964180567251;820
0.0160441018955722;821
0.022514441235495657;822
0.020625077532679836;823
0.017619042793431985;824
0.018914297963142625;825
0.012755367721238692;826
0.013771498319855656;827
0.013428088276248683;828
0.018994288904067853;829
0.03819318906439226;830
0.011982871035746181;831
0.008183661040965745;832
0.008284827465473633;833
0.016888001541457136;834
0.026053364168133492;835
0.018022564136276294;836
0.011563916034156315;837
0.005463894545747855;838
0.02257995355050336;839
0.01920822037052159;840
0.01570921140792549;841
0.003029254107330021;842
0.025597041348200122;843
0.005744434278646394;844
0.01773021653005654;845
0.015021795257726579;846
0.013467030881754258;847
0.022023738118065347;848
0.02264526846524758;849
0.012417301267341592;850
0.003804693989181183;851
0.0024065686439167164;852
0.01662349274202079;853
0.02199341151796734;854
0.010951088771028324;855
0.018926401452079644;856
0.01441841154993056;857
0.013332305539184195;858
0.008829051143586212;859
0.017022689486615332;860
0.006357182312235969;861
0.020004683862172235;862
0.013592925498557782;863
0.018123346661526717;864
0.025278199689716237;865
0.00843100846778617;866
0.018790482836904238;867
0.016405414261985263;868
0.020317613827313556;869
0.004031133629216705;870
0.010274785374299648;871
0.01927080647866627;872
0.008058614797875167;873
0.0130085894586192;874
0.00658996952172861;875
0.011206042833578848;876
0.008989424486694852;877
0.019052585221099733;878
0.008626657912768936;879
0.021629651788438554;880
0.0016040217510110968;881
0.007783479111522116;882
0.02057656305281021;883
0.021731189627069908;884
0.003696097795542626;885
0.008531502187378562;886
0.012851959914272562;887
0.032854374937573254;888
0.02096305134808187;889
0.014865389576194335;890
0.0027744071748877783;891
0.011420421696469495;892
0.01351646626750133;893
0.018931878741933344;894
0.007259109693891287;895
0.0068772480040025;896
0.007553116889755651;897
0.008628284760705264;898
0.02791205007369618;899
0.01845078847170273;900
0.010112944742194882;901
0.0022969806330840224;902
0.0034832838844888587;903
0.006141110110870904;904
0.00679915806224385;905
0.012122924066424673;906
0.013507709654508829;907
0.010517135299282769;908
0.009785581005211642;909
0.02001843319180612;910
0.02408628785505276;911
0.016290342380538225;912
0.008982762431919304;913
0.022409899909150686;914
0.019542087066875723;915
0.012018756538323058;916
0.010713401703020622;917
0.006342001784848233;918
0.0042922289588709405;919
0.007615584999315305;920
0.007521840311767761;921
0.011365216809951206;922
0.00770270551353896;923
0.012817580213317241;924
0.0032337660014766533;925
0.005466259190968984;926
0.00529133771395073;927
0.02572899057898152;928
0.005585839842759606;929
0.008620232873871795;930
0.017680428111620933;931
0.025590085727406186;932
0.01355256649283603;933
0.01233445739049694;934
0.01705299416265289;935
0.007554947073796119;936
0.004680782666396102;937
0.01482466970925901;938
0.0013532321121024092;939
0.015754319188055695;940
0.028001395458441068;941
0.015660128370701163;942
0.014321971640711518;943
0.005959547937016703;944
0.008160621886959358;945
0.00902705403009593;946
0.018815111887674037;947
0.006279858770236475;948
0.022464057765491065;949
0.011960593581652435;950
0.010665880963299717;951
0.011442943091437717;952
0.02703178848057091;953
0.0037563667022678902;954
0.01660459167250544;955
0.0124064897069455;956
0.01783077160357001;957
0.012873277645571165;958
0.01327185048798999;959
0.02401770654461312;960
0.009405260930171737;961
0.011730005828897883;962
0.002495121490510335;963
0.012773557288698731;964
0.006652077940382011;965
0.01662748013404254;966
0.015523047268128195;967
0.016861026491352096;968
0.0067119960477008776;969
0.006394884356796619;970
0.011786783598972806;971
0.010296463340796227;972
0.02914642710616385;973
0.00947235917895215;974
0.010251982496267211;975
0.005589733767757366;976
0.009717243695625651;977
0.01910121009639135;978
0.02594067284434726;979
0.01082662192737627;980
0.004825724009982528;981
0.018398219227223112;982
0.010925222617078182;983
0.0067093911267804215;984
0.011800050697057914;985
0.020031245192260606;986
0.015165575865656677;987
0.020800860449177387;988
0.012381132057601737;989
0.005893266798361073;990
0.009713041071322457;991
0.01595833746925827;992
0.012998730690729403;993
0.01195655102297734;994
0.0024458651434456427;995
0.010303384723220982;996
0.013136274215492344;997
0.015348013087945051;998
0.012683180787328795;999
0.017246546825576827;1000
0.00461120652424005;1001
0.024241183029889216;1002
0.012079249688385564;1003
0.011213816747939913;1004
0.017702293852133934;1005
0.012987631713532281;1006
0.01204570722518777;1007
0.007111336035908741;1008
0.003994208048661879;1009
0.007926152850440259;1010
0.012037948243045594;1011
0.0039010438302233175;1012
0.010511658000002467;1013
0.024814329285340445;1014
0.016805692866575222;1015
0.01448710335693967;1016
0.009145960001183735;1017
0.0049500083499850545;1018
0.020126397572991422;1019
0.016723840965976722;1020
0.014829368610223902;1021
0.011579986043900427;1022
0.020077708359960415;1023
0.008673467366404747;1024
0.01939651574043066;1025
0.00500932893414054;1026
0.008043960938349337;1027
0.021450586313149295;1028
0.019278428181090178;1029
0.011535442294100914;1030
0.008797726686534056;1031
0.012613958850012036;1032
0.020783466964910173;1033
0.02025125861786894;1034
0.015920662557177997;1035
0.004524276096942408;1036
0.008555118935067345;1037
0.011929416773059556;1038
0.005437298731647473;1039
0.008678539388935988;1040
0.019316154675795186;1041
0.017645189787255915;1042
0.009759628840060364;1043
0.01315253914981343;1044
0.0049943302772424225;1045
0.014963016566815621;1046
0.009176278960409479;1047
0.01460465997995295;1048
0.00823241096907223;1049
0.015605941053779356;1050
0.012925109182150915;1051
0.010310309264390331;1052
0.007982661475487924;1053
0.016560419465916826;1054
0.011059131698441877;1055
0.02207107439897433;1056
0.01127288073111429;1057
0.007518926166370462;1058
0.012088334872440829;1059
0.027069281902849362;1060
0.014191829826882052;1061
0.017089071932891883;1062
0.01171430892506767;1063
0.006872686880425459;1064
0.009209995846495348;1065
0.016099514340133115;1066
0.0029931212465990945;1067
0.007653839025874317;1068
0.029898446833350984;1069
0.021728678384534073;1070
0.00858124219082128;1071
0.0025548417605360586;1072
0.008351247027955658;1073
0.007584548022960509;1074
0.019749848304570574;1075
0.0024050403372224013;1076
0.017961479734424798;1077
0.005786788883068578;1078
0.013722863057195755;1079
0.015426226043324399;1080
0.013629538509110759;1081
0.013432533755753434;1082
0.010206425281200585;1083
0.007491038311941036;1084
0.009710332570637494;1085
0.013759622882711816;1086
0.008923280916009212;1087
0.023631500560974135;1088
0.006956147112202582;1089
0.012195696254670901;1090
0.00630159845112357;1091
0.015608436489491322;1092
0.020171304645128802;1093
0.0032924681274418208;1094
0.02173243875306103;1095
0.011975427895880306;1096
0.005375844495451264;1097
0.011187742855970049;1098
0.014343430396056242;1099
0.007026631790971637;1100
0.01041676981586436;1101
0.008716438968527558;1102
0.008523241700605162;1103
0.006688702092695004;1104
0.012747433833189062;1105
0.0012931220798350351;1106
0.013942734219101326;1107
0.013423305174486776;1108
0.020406053713264524;1109
0.013045580885333877;1110
0.011878362281122748;1111
0.00402557452114079;1112
0.015960397621352436;1113
0.007059290841655307;1114
0.01988721748240384;1115
0.018247094870993404;1116
0.016455107795237157;1117
0.008871367396401274;1118
0.008043489021101174;1119
0.017848627539131582;1120
0.007440441597748437;1121
0.0021137923255461024;1122
0.00944668278496765;1123
0.016900127609974662;1124
0.013659176612479451;1125
0.00511808366814903;1126
0.007577061481652675;1127
0.012852948390820247;1128
0.004465021206952529;1129
0.012031619496776823;1130
0.009837074668386556;1131
0.015370098409819457;1132
0.01215462163692987;1133
0.01657101818438071;1134
0.003419849009796386;1135
0.014033297465913926;1136
0.02073281311801318;1137
0.023440708745901737;1138
0.007708646408520214;1139
0.014020304595224787;1140
0.010982134246704984;1141
0.0122867396873316;1142
0.003693291996520639;1143
0.0060363465852270115;1144
0.007218720314424019;1145
0.0009947521139733798;1146
0.01328938964898572;1147
0.023151822650073945;1148
0.017594547543373987;1149
0.008391374873922646;1150
0.007833909084968345;1151
0.014908751297835879;1152
0.0063975729195237425;1153
0.018799689663895395;1154
0.011785225016079818;1155
0.008035628360521052;1156
0.0020825695756811024;1157
0.015239090457088163;1158
0.0182429554216298;1159
0.02924320546978256;1160
0.009651917333353934;1161
0.005129370005770387;1162
0.014465934956191097;1163
0.015091682008682302;1164
0.02935480710190523;1165
0.005822844030230938;1166
0.012835366746646266;1167
0.02000376965644471;1168
0.007318407660157428;1169
0.012734529062148376;1170
0.004731387990293495;1171
0.00931794476309001;1172
0.008235912960192056;1173
0.022748569636089348;1174
0.0044904872148948905;1175
0.02308500551219307;1176
0.010904910041706909;1177
0.0028194813140804704;1178
0.023869539203136836;1179
0.013307846823894085;1180
0.01598795417268762;1181
0.005806020966345275;1182
0.005184806571643621;1183
0.02255608809018552;1184
0.011354130670657953;1185
0.02092922157881245;1186
0.003619614195934545;1187
0.010659547118082662;1188
0.0071862773474066525;1189
0.009696929148467943;1190
0.012576249050386984;1191
0.008325171198730965;1192
0.012586461694068081;1193
0.004555216086791033;1194
0.011555943613404172;1195
0.0008742013355507047;1196
0.005249299308998965;1197
0.015748140360877495;1198
0.010086141407018969;1199
0.007250247585243637;1200
0.019483523197958253;1201
0.011625482905051502;1202
0.01504028404682474;1203
0.00712979248868593;1204
0.02266417489815819;1205
0.0044498043360442;1206
0.0032091076485703035;1207
0.015851430800444866;1208
0.01722794127042547;1209
0.007411736450763389;1210
0.0163020273229984;1211
0.026711810133616603;1212
0.03234505809495153;1213
0.007192640956577886;1214
0.0077754433791586775;1215
0.006399977654280428;1216
0.005362618404839295;1217
0.03248778725676498;1218
0.025411273338714818;1219
0.0049320786865302835;1220
0.014527815945347617;1221
0.018241979701942714;1222
0.010510834644215894;1223
0.00954567152602767;1224
0.016542105972969377;1225
0.01887450316852379;1226
0.009783161257964064;1227
0.005973050151349212;1228
0.008367426896119332;1229
0.015449732964104762;1230
0.014477031720011684;1231
0.012573799494536323;1232
0.016020621113503723;1233
0.014806495590820925;1234
0.021216241167356785;1235
0.0034063422372583706;1236
0.004804655102755512;1237
0.011294209427569266;1238
0.014933630493400537;1239
0.01278291249186597;1240
0.021312429897044703;1241
0.008471827071306351;1242
0.02684140127921869;1243
0.03019925385407008;1244
0.016200124912389067;1245
0.012630618508930632;1246
0.012007536933760892;1247
0.012314756605555586;1248
0.0174849639154581;1249
0.02523786538936007;1250
0.0184187299692729;1251
0.018656850238443285;1252
0.015853003309392297;1253
0.014167024303016926;1254
0.004459326364571445;1255
0.0060753555244616704;1256
0.009684859278626865;1257
0.016941083557189318;1258
0.01118878194651876;1259
0.009265884699080457;1260
0.007407821520924317;1261
0.02334281466442059;1262
0.01416384331924798;1263
0.007850455138880665;1264
0.008868493649682894;1265
0.010802689429015943;1266
0.005708658769843293;1267
0.013274044177183775;1268
0.01612654723945887;1269
0.0064385705147946715;1270
0.02066883510584029;1271
0.02146255298824271;1272
0.008223503538747916;1273
0.005251685993128424;1274
0.015362374553084356;1275
0.02124867335668446;1276
0.01144116287980114;1277
0.014263963103754463;1278
0.009146996958393641;1279
0.02084012251352302;1280
0.017335453985461904;1281
0.011742637648854918;1282
0.012468044956386612;1283
0.010262556357960468;1284
0.001494306584522661;1285
0.02138159655784593;1286
0.008176826078449082;1287
0.016263211080195166;1288
0.016018985575315257;1289
0.009138014941744722;1290
0.0058684933056589745;1291
0.012706097795407817;1292
0.015166296695718924;1293
0.005128298595666773;1294
0.007468749912190412;1295
0.005327935265243047;1296
0.0028444841547821164;1297
0.0028141840069553256;1298
0.01594422300293516;1299
0.007575873954319;1300
0.004716768276570237;1301
0.007189504239663835;1302
0.003591679722572671;1303
0.005870362195315879;1304
0.01598137037992611;1305
0.010168803908413218;1306
0.004608753274514868;1307
0.0065045216774783;1308
0.0012460392954266675;1309
0.013862944736819241;1310
0.018499829488778343;1311
0.014657605824704817;1312
0.012672075935811709;1313
0.01100550128290706;1314
0.00742575825777193;1315
0.012031053658616007;1316
0.003060325036417318;1317
0.005598884911141518;1318
0.017497570727533267;1319
0.005733015830257179;1320
0.007897392035270805;1321
0.02039015561883354;1322
0.013144080728627262;1323
0.016435506847636547;1324
0.013074566213650078;1325
0.004704061583164823;1326
0.010245949399491385;1327
0.007279585745889997;1328
0.027227436907082736;1329
0.014018223931635461;1330
0.017957452421666815;1331
0.010742587571147624;1332
0.020252716517168683;1333
0.017187038857382625;1334
0.01520539361988494;1335
0.011438051794365063;1336
0.009573167118614029;1337
0.017685564385500598;1338
0.007191308411855148;1339
0.012650726836375352;1340
0.001197626304372391;1341
0.00872388052843949;1342
0.017949534114473087;1343
0.014065901798644913;1344
0.010715866767250394;1345
0.017013360840803817;1346
0.017644162422390218;1347
0.011691368776420515;1348
0.010555334675974476;1349
0.018858889294317612;1350
0.01186377181305709;1351
0.01311228342278093;1352
0.015163307854438535;1353
0.011055417410313805;1354
0.014258721630554867;1355
0.015315000059019344;1356
0.011050831289946706;1357
0.013524630179364752;1358
0.012573046474989679;1359
0.008964779468012017;1360
0.017191904139554317;1361
0.0029721822778496654;1362
0.009803889087708288;1363
0.014656148446741672;1364
0.01950741378223795;1365
0.013272523818667543;1366
0.014267425507682759;1367
0.014069301430990305;1368
0.03342160879809262;1369
0.024553935222196965;1370
0.02485547291593949;1371
0.007137468176860647;1372
0.01704661634809553;1373
0.010951995659069408;1374
0.007827140014952938;1375
0.00934819707975402;1376
0.014310153829732962;1377
0.006066351948001593;1378
0.014117539805447435;1379
0.01541056378542547;1380
0.0038402547858624255;1381
0.005365185866093541;1382
0.008173184014915354;1383
0.005876102125027752;1384
0.004610210803702461;1385
0.01672960044155623;1386
0.008113385990877147;1387
0.015222919048033337;1388
0.005204003972836078;1389
0.013708845698373658;1390
0.014553666770013724;1391
0.007212504713903934;1392
0.015661231294862483;1393
0.006606960826275135;1394
0.01623761797672862;1395
0.01576451302717634;1396
0.01927511104747017;1397
0.015608747776035922;1398
0.009989016095170443;1399
0.023428210259133782;1400
0.007107621646561523;1401
0.012826292298124424;1402
0.010805877120204786;1403
0.009462939231146408;1404
0.012003878589568228;1405
0.013501487747265806;1406
0.0036487901192290427;1407
0.015305814556604845;1408
0.008959774941927907;1409
0.004616339611118643;1410
0.010608856661930715;1411
0.004635364473731731;1412
0.008943035040764125;1413
0.009512990355158814;1414
0.015176166746688409;1415
0.01767833874269997;1416
0.01645093018116271;1417
0.01645870208598634;1418
0.02033059909858421;1419
0.01599988460828349;1420
0.009580154474959723;1421
0.007419371415579806;1422
0.02308387078169988;1423
0.011109434534533042;1424
0.01505421849029587;1425
0.019629681262146086;1426
0.006305769640214805;1427
0.008833395886484633;1428
0.009086669238880928;1429
0.011899852684600599;1430
0.005794385734487871;1431
0.00890142014579223;1432
0.01101460162057963;1433
0.016769124943735107;1434
0.011966932462670292;1435
0.01647337581404815;1436
0.014197429644085987;1437
0.015618970442497595;1438
0.014624148028195968;1439
0.016195219698461553;1440
0.0015561764472999473;1441
0.005489186349444232;1442
0.019684078834299252;1443
0.012018186926170096;1444
0.005608451670580924;1445
0.017523013763200358;1446
0.013746067685636937;1447
0.007762136558359461;1448
0.011681486731852084;1449
0.009769036028800731;1450
0.015659221395713047;1451
0.0008664461610084933;1452
0.008615274567294936;1453
0.018103652027160327;1454
0.008497672800538005;1455
0.012566505942754337;1456
0.009472090457843873;1457
0.007233972198986689;1458
0.005109294501979778;1459
0.009597287116527858;1460
0.014134466458496945;1461
0.010325593040344163;1462
0.020340470006118275;1463
0.008477837565797322;1464
0.004922110507214274;1465
0.0029577542386572857;1466
0.020129622257525136;1467
0.01982426791579606;1468
0.017490677443350335;1469
0.020157244035526878;1470
0.014660407059201649;1471
0.004359305181757231;1472
0.016025639721240995;1473
0.014059196585411273;1474
0.017182166986733513;1475
0.010523360074560393;1476
0.004979006847390497;1477
0.010085650129640073;1478
0.0033107558753098284;1479
0.012811926223979534;1480
0.004855778417258917;1481
0.0055124060990868725;1482
0.010218623202767264;1483
0.010603852908680178;1484
0.015414780412986785;1485
0.016770674341003624;1486
0.007674499249798618;1487
0.011063164855961908;1488
0.010274785198307324;1489
0.022566849078278706;1490
0.006406063651835608;1491
0.016373271813242368;1492
0.008272541528772794;1493
0.01818930246935087;1494
0.0016035806225524083;1495
0.01835808806316873;1496
0.00904816699571596;1497
0.011650875300725637;1498
0.003402340354181476;1499
0.006966451769981883;1500
0.0027793704875833164;1501
0.00790132196064343;1502
0.010179958886386052;1503
0.005419852207824551;1504
0.009465706024475794;1505
0.0041074660061680285;1506
0.0062900424845308825;1507
0.015508445632667225;1508
0.0013896078838906561;1509
0.01046869375925264;1510
0.010083603685421114;1511
0.007973883384436086;1512
0.0030227630324121185;1513
0.006346989669404403;1514
0.013060664484231887;1515
0.005786839167145477;1516
0.02201040736476682;1517
0.013267075226591828;1518
0.03353594618141616;1519
0.005218974925667767;1520
0.006998821082098939;1521
0.008753208240013454;1522
0.004249173623387441;1523
0.008504256249439757;1524
0.005227822430775377;1525
0.0014716450151083752;1526
0.004176205316275532;1527
0.014502850383231024;1528
0.006135532570516227;1529
0.01057741004499863;1530
0.006504558602898035;1531
0.011272868412230403;1532
0.009211411180637669;1533
0.005666859267058953;1534
0.013593990945316173;1535
0.007786967122467691;1536
0.0057903420767100615;1537
0.01655431090664677;1538
0.02311296165607298;1539
0.004050969365343401;1540
0.010756033384646308;1541
0.007615903474455694;1542
0.019445602139163576;1543
0.021018952758163224;1544
0.012819782451617403;1545
0.012820190944645522;1546
0.006358021299155738;1547
0.006160086541411258;1548
0.012231557837799865;1549
0.004018102691312393;1550
0.008396972456750959;1551
0.020414793727055437;1552
0.030567218345313132;1553
0.015588338370419346;1554
0.02002264670806408;1555
0.005066630582269058;1556
0.012296689917552074;1557
0.010939925747274407;1558
0.009489382504941957;1559
0.0019586476362277207;1560
0.007306977859986166;1561
0.019175323255508657;1562
0.020817163893223398;1563
0.020047142172581342;1564
0.0021904146437789706;1565
0.012429835284246533;1566
0.001518329749380108;1567
0.006976915752261854;1568
0.011745524322190073;1569
0.012185942922875613;1570
0.017331094129453443;1571
0.01529738069715957;1572
0.0071411153237328565;1573
0.02085635574529488;1574
0.016619421569618865;1575
0.019615198051843526;1576
0.011416063107852183;1577
0.011714393321409888;1578
0.005258251267846646;1579
0.017764576474693206;1580
0.019153997117609255;1581
0.017085653760149897;1582
0.008086573478814153;1583
0.010193721249712415;1584
0.027335103632760243;1585
0.010920592302404254;1586
0.010180162621097874;1587
0.012947215603709025;1588
0.012486629221823663;1589
0.009783670082846287;1590
0.0088120446087146;1591
0.006793952021116672;1592
0.01042359198495563;1593
0.004706876960127068;1594
0.00976580535912831;1595
0.0020259969420185456;1596
0.012481611264606242;1597
0.01566259219132351;1598
0.0161228640205254;1599
0.009582931669635694;1600
0.012330107580157148;1601
0.018285995741932005;1602
0.010061842310094927;1603
0.015822486187264662;1604
0.011240749211236141;1605
0.009929458091028395;1606
0.0052717187701338585;1607
0.00874621605792282;1608
0.007055863665666104;1609
0.011922265699274601;1610
0.009417842264627161;1611
0.007157577264387627;1612
0.001360082393512221;1613
0.02055876345488386;1614
0.012619238648457796;1615
0.0091616299355885;1616
0.021794032813098576;1617
0.005265353797315176;1618
0.0039392472596170335;1619
0.019656944812417098;1620
0.023507508496447047;1621
0.009669362190893361;1622
0.009002802079862234;1623
0.0047003138691910406;1624
0.00810637542763818;1625
0.011928950089978841;1626
0.0028049032660003004;1627
0.018810340989381707;1628
0.00986093765581804;1629
0.019801465937517318;1630
0.014081058107976429;1631
0.024705908595890818;1632
0.01772679203467328;1633
0.00375203364152386;1634
0.01718344274196933;1635
0.015484142797127095;1636
0.003674325312131431;1637
0.002835593061234001;1638
0.005882280412751605;1639
0.02108288056344163;1640
0.02473992404778462;1641
0.02214504017246801;1642
0.0228756557607903;1643
0.018994773240494436;1644
0.014865080230745049;1645
0.018238009210437247;1646
0.010934953663067988;1647
0.010650932580328646;1648
0.02165561200174639;1649
0.014534521713293443;1650
0.0012139791429076753;1651
0.02060792145027636;1652
0.015557762822381492;1653
0.028682431717119903;1654
0.012968992966499667;1655
0.012551185316197266;1656
0.023414837034334956;1657
0.00807472047149115;1658
0.012617926887422191;1659
0.008555306558866186;1660
0.00839572944971072;1661
0.015636149691821945;1662
0.015054310252558933;1663
0.006893370212371673;1664
0.006981952083149376;1665
0.015180909130045772;1666
0.009559075479493731;1667
0.01124667138123174;1668
0.004005949703466874;1669
0.005273034381220801;1670
0.0083684347442531;1671
0.001491414942887007;1672
0.00875707843581494;1673
0.007668043693866523;1674
0.018603803652820015;1675
0.022581538462475098;1676
0.01452281216622431;1677
0.026156004320463028;1678
0.005881348501722018;1679
0.007999607641306576;1680
0.009997369278349951;1681
0.012537168845659852;1682
0.011348103121037362;1683
0.013829843911074325;1684
0.007809597861238023;1685
0.01338828755063656;1686
0.01196867688984485;1687
0.006147337420339886;1688
0.01670814947450492;1689
0.0028654608184538804;1690
0.018499621332577498;1691
0.01765007844077777;1692
0.00822507797495369;1693
0.019721106970055895;1694
0.007540935973018176;1695
0.012901544564085116;1696
0.014563683270043256;1697
0.010698696420562294;1698
0.021165058256987838;1699
0.02319658806094497;1700
0.00437013703457267;1701
0.027207909952669546;1702
0.024489581427079205;1703
0.024680870266456816;1704
0.017356057731075514;1705
0.01691120883946711;1706
0.025720262462800392;1707
0.005980679879866763;1708
0.005137713269671087;1709
0.015643932540149032;1710
0.004193570629758958;1711
0.025863175456874974;1712
0.020809333123016017;1713
0.02483084033046293;1714
0.007031902031738713;1715
0.015493686556012643;1716
0.015527008441427521;1717
0.010280872130896868;1718
0.007724079266801361;1719
0.0022026770146683656;1720
0.011524318306225252;1721
0.017310378953946357;1722
0.009642473966651813;1723
0.020385219639257275;1724
0.011095781317001547;1725
0.015675361764944384;1726
0.017577367530044345;1727
0.00737823137332832;1728
0.011892465772306123;1729
0.01322764445538793;1730
0.010074527834970084;1731
0.02115318262193762;1732
0.01024128054896851;1733
0.009820366855858636;1734
0.017731556458551415;1735
0.014016342153658518;1736
0.015745905881705283;1737
0.011381177244838257;1738
0.01069386915282185;1739
0.019330714736046962;1740
0.01367050661757713;1741
0.008475158492424324;1742
0.014228527262614506;1743
0.009826080344532468;1744
0.01750211519441737;1745
0.020838445544465647;1746
0.009385203749608455;1747
0.009091186768098026;1748
0.011711390965492357;1749
0.022460581456855627;1750
0.015004959226683713;1751
0.017694526803810052;1752
0.01731176320363985;1753
0.014316959080623588;1754
0.014594019413913768;1755
0.014677891526518501;1756
0.01204966244741493;1757
0.026241087875698607;1758
0.014144180841107986;1759
0.009561174209488764;1760
0.008224931289149662;1761
0.02196488429881327;1762
0.003315213005918927;1763
0.006012667847691319;1764
0.00918055419353001;1765
0.005408558621196533;1766
0.004111122381204206;1767
0.011084303995699532;1768
0.018877920615628478;1769
0.01123331167571078;1770
0.01879614729904737;1771
0.0068667068402329225;1772
0.01277554421444857;1773
0.005530865162405146;1774
0.010415119742956159;1775
0.013471179031378686;1776
0.02022881278368854;1777
0.01852957133144926;1778
0.013933267209909674;1779
0.005574949964445587;1780
0.013172459821871608;1781
0.017062497259025367;1782
0.02340462385458019;1783
0.0033625084368721237;1784
0.002150224913563366;1785
0.012085004680802687;1786
0.006490866080201314;1787
0.02132940884655893;1788
0.00754234784352391;1789
0.003551756987619153;1790
0.020633306042529567;1791
0.008565064480518596;1792
0.016628198821148556;1793
0.008531722160387256;1794
0.02172382963504749;1795
0.00469895398964493;1796
0.01187441715388753;1797
0.010826770299251108;1798
0.028529659635418387;1799
0.008405076360803631;1800
0.014453784718396161;1801
0.012096203304023096;1802
0.019346681230688254;1803
0.014525718060821835;1804
0.011284448776786984;1805
0.014132432729804106;1806
0.007295332156058259;1807
0.014877878149532753;1808
0.012963410221514551;1809
0.019509681276767325;1810
0.006206666964659584;1811
0.017476488145726568;1812
0.00402733503982325;1813
0.026208544596274325;1814
0.021916163542671514;1815
0.01545614164425803;1816
0.010968896151174396;1817
0.01377251028041786;1818
0.024779115934984372;1819
0.007226255622299173;1820
0.009443490252030964;1821
0.007799294909844406;1822
0.02600160759442901;1823
0.005034785713158428;1824
0.040527164588854664;1825
0.023237190644408885;1826
0.015872152446123677;1827
0.011238134578715111;1828
0.0015391369908747186;1829
0.01625333149514554;1830
0.025653129146298154;1831
0.012401811944676423;1832
0.003916209719577857;1833
0.004036269196258314;1834
0.006391831407726179;1835
0.0185852360886492;1836
0.006346714695491062;1837
0.014189030866385113;1838
0.006448080954948748;1839
0.008367295262766779;1840
0.005959225504052398;1841
0.010746848808458935;1842
0.017105687449481356;1843
0.019627259172317574;1844
0.010846837230060982;1845
0.013188360888079984;1846
0.0010250907742764515;1847
0.004455901916841173;1848
0.007223424351207858;1849
0.009222088179632148;1850
0.014095660708397757;1851
0.013231924140532628;1852
0.01173379159707431;1853
0.03143642500511197;1854
0.007761766843134009;1855
0.014227173430864156;1856
0.010494434822510074;1857
0.010302496843100101;1858
0.02133852679454885;1859
0.012353072622679663;1860
0.021076767948546894;1861
0.07356285216856946;1862
0.023739381288212912;1863
0.024510358329969572;1864
0.013786089762664593;1865
0.014076715598534408;1866
0.024998462972545772;1867
0.008276845473573193;1868
0.00543508983404392;1869
0.0053452936939393505;1870
0.029982999418016455;1871
0.021098590745704533;1872
0.018029803101194213;1873
0.007220261219544826;1874
0.0014231481414167446;1875
0.01717492036021075;1876
0.0036302885914680305;1877
0.00675799483214462;1878
0.006780007183421744;1879
0.009581002589296145;1880
0.022826589310379324;1881
0.013098556488664282;1882
0.007198336860913258;1883
0.02315497721708067;1884
0.006732407819830604;1885
0.010196689827428126;1886
0.0209705353577166;1887
0.011181204886882129;1888
0.03155483034092421;1889
0.013401472455996941;1890
0.021309118889690705;1891
0.0186597851959775;1892
0.006541274840479958;1893
0.011016213197937023;1894
0.00527700422122408;1895
0.0061430790498750035;1896
0.01950398032497127;1897
0.003947684530401912;1898
0.06141802751924604;1899
0.05092988425821798;1900
0.0140176611141598;1901
0.032063291069908045;1902
0.01815361268608855;1903
0.022470332022353618;1904
0.006464312413666245;1905
0.005197936509442049;1906
0.015884574005332285;1907
0.010619328497513224;1908
0.0062640934776826826;1909
0.045648516113460276;1910
0.01374117093022595;1911
0.013045318331546051;1912
0.020769000809190703;1913
0.012998806246901275;1914
0.022684351372140154;1915
0.005719425529166668;1916
0.020989818909931478;1917
0.012345200482185108;1918
0.011884581749619675;1919
0.01567283997931948;1920
0.04074441600124556;1921
0.013320721702995378;1922
0.012546537446836661;1923
0.007672097972673763;1924
0.02149705454418444;1925
0.011833042346465102;1926
0.019647914397711633;1927
0.01930707340533524;1928
0.015102296509785364;1929
0.015821848168173787;1930
0.020209000139903257;1931
0.022948429414708774;1932
0.003300383850190283;1933
0.0054306389070749505;1934
0.061925617284930755;1935
0.11694426003544063;1936
0.12637878391683435;1937
0.04753662980654662;1938
0.028636205500194915;1939
0.027511838996136777;1940
0.012019989694391676;1941
0.021917340476431655;1942
0.009405967845846979;1943
0.0041449940641490315;1944
0.012487118122322255;1945
0.022819564140905947;1946
0.0036862441240788175;1947
0.0210399538622424;1948
0.0016675756390926886;1949
0.014021336704107087;1950
0.016728658208279;1951
0.0040631949572671015;1952
0.01087089499340524;1953
0.0055099766054944;1954
0.01574981084140863;1955
0.022303083828766578;1956
0.020315714707459603;1957
0.006159021033173722;1958
0.011476041945773783;1959
0.006803895190097705;1960
0.014837647085724433;1961
0.01215633114977041;1962
0.03791089430708218;1963
0.00503081722169325;1964
0.018787782651374832;1965
0.008100422549447716;1966
0.023293106421766466;1967
0.005474987109002594;1968
0.02901143988479321;1969
0.014466176284905171;1970
0.014624137757143234;1971
0.02842032662842982;1972
0.038894957213128085;1973
0.05414309533368935;1974
0.007529567065799453;1975
0.018869565213205763;1976
0.009718655855873202;1977
0.019270086450175514;1978
0.02144438903628673;1979
0.012694841336893083;1980
0.018729277321725496;1981
0.01707615935133468;1982
0.008899684153577475;1983
0.023231557744230903;1984
0.02721706852274459;1985
0.020669901132824926;1986
0.02054499227790229;1987
0.0027238882489292685;1988
0.022398438001256248;1989
0.015253752579014585;1990
0.010277906000866371;1991
0.007183742205383917;1992
0.021652823623840856;1993
0.017246026557907173;1994
0.0083214302392875;1995
0.014398968273118467;1996
0.021360367911440758;1997
0.011873659570959408;1998
0.016626682196060557;1999
0.012235709885650549;2000
0.007605261935863593;2001
0.031588592286687305;2002
0.021874605418061892;2003
0.02056415855983234;2004
0.015007976190797707;2005
0.023326809913065995;2006
0.03488263353747541;2007
0.037983797079010694;2008
0.05016271310896367;2009
0.11074402487803517;2010
0.5973398029219095;2011
0.06684941210706546;2012
0.04512919524328642;2013
0.03215708026976162;2014
0.02890904939294564;2015
0.022519483054697288;2016
0.004132726034274882;2017
0.005877458734885018;2018
0.007085616926036357;2019
0.020861181557619596;2020
0.01881379536192472;2021
0.026126545821634872;2022
0.018544434344476283;2023
0.010239104924699849;2024
0.002309605744694713;2025
0.021453393245884588;2026
0.015082710116425122;2027
0.02301577750845993;2028
0.011709867896716112;2029
0.004328600125296625;2030
0.0030183333416012727;2031
0.0019373161450188154;2032
0.005287552296185091;2033
0.019882021844957517;2034
0.011737997180919639;2035
0.008492726708448592;2036
0.02443838233578746;2037
0.02057829687454749;2038
0.016159150056388048;2039
0.013846248910130605;2040
0.009333550059562167;2041
0.013109890801566139;2042
0.015239933226746853;2043
0.006732887016858798;2044
0.021874928844722287;2045
0.03549773837793747;2046
0.01609468150333559;2047
